32
t1         0.0000000 0.2814954 0.1646220 0.2846834 0.1872584 0.1760607 0.6588964 0.7080434 0.8941717 0.7783344 0.6988748 0.8417917 0.7790931 0.7747889 0.6887694 0.4805832 0.7895983 0.7892760 0.7812130 0.8049566 0.6400108 0.6221597 0.4185881 0.5973179 0.6350415 0.8942360 0.7678109 0.7919948 0.6831142 0.3502326 0.1272823 0.3806172 
t10        0.2814954 0.0000000 0.1251261 0.4551867 0.3690153 0.3594235 0.7721949 0.7957768 0.9415061 0.8852524 0.8007529 0.9134541 0.8689531 0.8559284 0.7879327 0.6233764 0.8892823 0.8843956 0.8825688 0.9123318 0.7501354 0.7389308 0.5725723 0.7165731 0.7477759 0.9702215 0.8701751 0.8865062 0.7973796 0.5141096 0.3185774 0.5240682 
t11        0.1646220 0.1251261 0.0000000 0.3569360 0.2618666 0.2547721 0.7112302 0.7438644 0.9061426 0.8382501 0.7418073 0.8663180 0.8139846 0.8189608 0.7290453 0.5323247 0.8247248 0.8251706 0.8233162 0.8529610 0.6808205 0.6615723 0.4760989 0.6548449 0.6879890 0.9451252 0.8246066 0.8483277 0.7337183 0.4189240 0.2034756 0.4224223 
t12        0.2846834 0.4551867 0.3569360 0.0000000 0.3550306 0.3271950 0.7505914 0.7889654 0.9691737 0.8698797 0.7894695 0.9135891 0.8547019 0.8542744 0.7739828 0.5949601 0.8697505 0.8646114 0.8507056 0.8805836 0.7330577 0.7134478 0.5539258 0.7016585 0.7344537 0.9502178 0.8564554 0.8799689 0.7868290 0.4911403 0.2961266 0.5160251 
t13        0.1872584 0.3690153 0.2618666 0.3550306 0.0000000 0.2208878 0.7097872 0.7501769 0.9108228 0.8287422 0.7286900 0.8743760 0.8250783 0.8113621 0.7387524 0.5274051 0.8226242 0.8195430 0.8209464 0.8452975 0.6787137 0.6704081 0.4707193 0.6495046 0.6833445 0.9275682 0.8153304 0.8280399 0.7406536 0.4089707 0.1910130 0.4401271 
t14        0.1760607 0.3594235 0.2547721 0.3271950 0.2208878 0.0000000 0.6916047 0.7336660 0.9141723 0.8156463 0.7306209 0.8629007 0.7981053 0.7851375 0.7187022 0.5210652 0.8052845 0.8014431 0.7848370 0.8120477 0.6635532 0.6430174 0.4644857 0.6343280 0.6703114 0.9149996 0.8052588 0.8190837 0.7147010 0.3950114 0.1856689 0.4325951 
t15        0.6588964 0.7721949 0.7112302 0.7505914 0.7097872 0.6916047 0.0000000 0.1723284 0.6007970 0.3799977 0.2816495 0.4881393 0.3612246 0.4004890 0.2685973 0.3369020 0.7018228 0.6954621 0.6657592 0.6961146 0.5294778 0.5319116 0.3225363 0.7621354 0.7889414 0.9746632 0.8689881 0.9057467 0.8369847 0.5054815 0.6501242 0.8327398 
t16        0.7080434 0.7957768 0.7438644 0.7889654 0.7501769 0.7336660 0.1723284 0.0000000 0.6544688 0.4390408 0.3596246 0.5367810 0.4263193 0.4660223 0.3482151 0.4101736 0.7499230 0.7433720 0.7140605 0.7371356 0.5947966 0.5860639 0.3980122 0.8091152 0.8383080 1.0224393 0.9099075 0.9347677 0.8783856 0.5833072 0.6991323 0.8695961 
t17        0.8941717 0.9415061 0.9061426 0.9691737 0.9108228 0.9141723 0.6007970 0.6544688 0.0000000 0.6308504 0.6699704 0.8191372 0.7151330 0.7439854 0.6564640 0.7112190 0.9334723 0.9431806 0.9354333 0.9465661 0.8285121 0.8172485 0.7017335 0.9627373 0.9899561 1.0985051 1.0407748 1.0630528 1.0168781 0.8111013 0.8869941 0.9971213 
t18        0.7783344 0.8852524 0.8382501 0.8698797 0.8287422 0.8156463 0.3799977 0.4390408 0.6308504 0.0000000 0.4663179 0.6465032 0.5520888 0.5713702 0.4634268 0.5155617 0.8009482 0.8000952 0.7694760 0.7869716 0.6779379 0.6841562 0.5054967 0.8514143 0.8791538 1.0860326 0.9633716 0.9887527 0.9196066 0.6740978 0.7893379 0.9265783 
t19        0.6988748 0.8007529 0.7418073 0.7894695 0.7286900 0.7306209 0.2816495 0.3596246 0.6699704 0.4663179 0.0000000 0.5125836 0.4002621 0.4322764 0.2876665 0.3859002 0.7463062 0.7413821 0.7085302 0.7324782 0.5742408 0.6151269 0.3728555 0.8184917 0.8446400 0.9993082 0.9198264 0.9429543 0.8918112 0.5475976 0.6775836 0.8913525 
t2         0.8417917 0.9134541 0.8663180 0.9135891 0.8743760 0.8629007 0.4881393 0.5367810 0.8191372 0.6465032 0.5125836 0.0000000 0.2311099 0.5100544 0.4033815 0.5873916 0.8689582 0.8654348 0.8507263 0.8626100 0.7403402 0.7449366 0.5836390 0.9518734 0.9784254 1.1086784 1.0368902 1.0600678 1.0068651 0.7342996 0.8266754 0.9739557 
t20        0.7790931 0.8689531 0.8139846 0.8547019 0.8250783 0.7981053 0.3612246 0.4263193 0.7151330 0.5520888 0.4002621 0.2311099 0.0000000 0.3936173 0.2720788 0.4910658 0.8184674 0.8062394 0.7853136 0.8070836 0.6584449 0.6509891 0.4856614 0.8681077 0.8925197 1.0715657 0.9768201 1.0064934 0.9427517 0.6616522 0.7731077 0.9183343 
t21        0.7747889 0.8559284 0.8189608 0.8542744 0.8113621 0.7851375 0.4004890 0.4660223 0.7439854 0.5713702 0.4322764 0.5100544 0.3936173 0.0000000 0.2420630 0.5163122 0.8256784 0.8234242 0.7867691 0.8051561 0.6708671 0.6838705 0.5080347 0.8568383 0.8804405 1.0260323 0.9502673 0.9726959 0.9337131 0.6713289 0.7664640 0.9367615 
t22        0.6887694 0.7879327 0.7290453 0.7739828 0.7387524 0.7187022 0.2685973 0.3482151 0.6564640 0.4634268 0.2876665 0.4033815 0.2720788 0.2420630 0.0000000 0.3953613 0.7523521 0.7474496 0.7148775 0.7332261 0.5719448 0.5925209 0.3771937 0.7916524 0.8124057 0.9916050 0.8856277 0.9200980 0.8756222 0.5513794 0.6785200 0.8589712 
t23        0.4805832 0.6233764 0.5323247 0.5949601 0.5274051 0.5210652 0.3369020 0.4101736 0.7112190 0.5155617 0.3859002 0.5873916 0.4910658 0.5163122 0.3953613 0.0000000 0.4885082 0.4703299 0.4405416 0.4660785 0.2494302 0.2544321 0.0855272 0.5730455 0.6057124 0.8894206 0.7447357 0.7826477 0.6599958 0.2869957 0.4709185 0.6578194 
t24        0.7895983 0.8892823 0.8247248 0.8697505 0.8226242 0.8052845 0.7018228 0.7499230 0.9334723 0.8009482 0.7463062 0.8689582 0.8184674 0.8256784 0.7523521 0.4885082 0.0000000 0.0613172 0.2055701 0.2279185 0.4948976 0.6548239 0.5428720 0.8845442 0.9058610 1.0814721 0.9840803 1.0147811 0.9407333 0.6848225 0.7814273 0.9209190 
t25        0.7892760 0.8843956 0.8251706 0.8646114 0.8195430 0.8014431 0.6954621 0.7433720 0.9431806 0.8000952 0.7413821 0.8654348 0.8062394 0.8234242 0.7474496 0.4703299 0.0613172 0.0000000 0.1776149 0.2022361 0.4662187 0.6422858 0.5270420 0.8718163 0.8970597 1.0680233 0.9703319 1.0091571 0.9374708 0.6741555 0.7824538 0.9119815 
t26        0.7812130 0.8825688 0.8233162 0.8507056 0.8209464 0.7848370 0.6657592 0.7140605 0.9354333 0.7694760 0.7085302 0.8507263 0.7853136 0.7867691 0.7148775 0.4405416 0.2055701 0.1776149 0.0000000 0.0958425 0.4272566 0.6291439 0.5005747 0.8473713 0.8802069 1.0734894 0.9628727 0.9937495 0.9275629 0.6555308 0.7746792 0.8991133 
t27        0.8049566 0.9123318 0.8529610 0.8805836 0.8452975 0.8120477 0.6961146 0.7371356 0.9465661 0.7869716 0.7324782 0.8626100 0.8070836 0.8051561 0.7332261 0.4660785 0.2279185 0.2022361 0.0958425 0.0000000 0.4568453 0.6454288 0.5310220 0.8577503 0.8864939 1.0674103 0.9722721 0.9993581 0.9352072 0.6761946 0.7963960 0.9240448 
t28        0.6400108 0.7501354 0.6808205 0.7330577 0.6787137 0.6635532 0.5294778 0.5947966 0.8285121 0.6779379 0.5742408 0.7403402 0.6584449 0.6708671 0.5719448 0.2494302 0.4948976 0.4662187 0.4272566 0.4568453 0.0000000 0.4574322 0.3236834 0.7159222 0.7451811 0.9673248 0.8484735 0.8822881 0.8055631 0.4896711 0.6321138 0.7746188 
t29        0.6221597 0.7389308 0.6615723 0.7134478 0.6704081 0.6430174 0.5319116 0.5860639 0.8172485 0.6841562 0.6151269 0.7449366 0.6509891 0.6838705 0.5925209 0.2544321 0.6548239 0.6422858 0.6291439 0.6454288 0.4574322 0.0000000 0.3022747 0.6726388 0.7000754 0.9622744 0.8334889 0.8617620 0.7452477 0.4670775 0.6217789 0.7271503 
t3         0.4185881 0.5725723 0.4760989 0.5539258 0.4707193 0.4644857 0.3225363 0.3980122 0.7017335 0.5054967 0.3728555 0.5836390 0.4856614 0.5080347 0.3771937 0.0855272 0.5428720 0.5270420 0.5005747 0.5310220 0.3236834 0.3022747 0.0000000 0.5264760 0.5586533 0.8616774 0.7009422 0.7429503 0.6233259 0.2182304 0.4109149 0.6191126 
t30        0.5973179 0.7165731 0.6548449 0.7016585 0.6495046 0.6343280 0.7621354 0.8091152 0.9627373 0.8514143 0.8184917 0.9518734 0.8681077 0.8568383 0.7916524 0.5730455 0.8845442 0.8718163 0.8473713 0.8577503 0.7159222 0.6726388 0.5264760 0.0000000 0.0376096 0.5030020 0.2284270 0.2804727 0.1741653 0.3591307 0.6088786 0.7555498 
t31        0.6350415 0.7477759 0.6879890 0.7344537 0.6833445 0.6703114 0.7889414 0.8383080 0.9899561 0.8791538 0.8446400 0.9784254 0.8925197 0.8804405 0.8124057 0.6057124 0.9058610 0.8970597 0.8802069 0.8864939 0.7451811 0.7000754 0.5586533 0.0376096 0.0000000 0.5282561 0.2550938 0.3092427 0.2089185 0.3977010 0.6405001 0.7859722 
t32        0.8942360 0.9702215 0.9451252 0.9502178 0.9275682 0.9149996 0.9746632 1.0224393 1.0985051 1.0860326 0.9993082 1.1086784 1.0715657 1.0260323 0.9916050 0.8894206 1.0814721 1.0680233 1.0734894 1.0674103 0.9673248 0.9622744 0.8616774 0.5030020 0.5282561 0.0000000 0.3628915 0.4158257 0.5692303 0.7594352 0.8920011 1.0047380 
t4         0.7678109 0.8701751 0.8246066 0.8564554 0.8153304 0.8052588 0.8689881 0.9099075 1.0407748 0.9633716 0.9198264 1.0368902 0.9768201 0.9502673 0.8856277 0.7447357 0.9840803 0.9703319 0.9628727 0.9722721 0.8484735 0.8334889 0.7009422 0.2284270 0.2550938 0.3628915 0.0000000 0.1344329 0.3232302 0.5672790 0.7764355 0.9005554 
t5         0.7919948 0.8865062 0.8483277 0.8799689 0.8280399 0.8190837 0.9057467 0.9347677 1.0630528 0.9887527 0.9429543 1.0600678 1.0064934 0.9726959 0.9200980 0.7826477 1.0147811 1.0091571 0.9937495 0.9993581 0.8822881 0.8617620 0.7429503 0.2804727 0.3092427 0.4158257 0.1344329 0.0000000 0.3739936 0.6105926 0.7958871 0.9165590 
t6         0.6831142 0.7973796 0.7337183 0.7868290 0.7406536 0.7147010 0.8369847 0.8783856 1.0168781 0.9196066 0.8918112 1.0068651 0.9427517 0.9337131 0.8756222 0.6599958 0.9407333 0.9374708 0.9275629 0.9352072 0.8055631 0.7452477 0.6233259 0.1741653 0.2089185 0.5692303 0.3232302 0.3739936 0.0000000 0.4691862 0.6961968 0.8203604 
t7         0.3502326 0.5141096 0.4189240 0.4911403 0.4089707 0.3950114 0.5054815 0.5833072 0.8111013 0.6740978 0.5475976 0.7342996 0.6616522 0.6713289 0.5513794 0.2869957 0.6848225 0.6741555 0.6555308 0.6761946 0.4896711 0.4670775 0.2182304 0.3591307 0.3977010 0.7594352 0.5672790 0.6105926 0.4691862 0.0000000 0.3546337 0.5579450 
t8         0.1272823 0.3185774 0.2034756 0.2961266 0.1910130 0.1856689 0.6501242 0.6991323 0.8869941 0.7893379 0.6775836 0.8266754 0.7731077 0.7664640 0.6785200 0.4709185 0.7814273 0.7824538 0.7746792 0.7963960 0.6321138 0.6217789 0.4109149 0.6088786 0.6405001 0.8920011 0.7764355 0.7958871 0.6961968 0.3546337 0.0000000 0.3562718 
t9         0.3806172 0.5240682 0.4224223 0.5160251 0.4401271 0.4325951 0.8327398 0.8695961 0.9971213 0.9265783 0.8913525 0.9739557 0.9183343 0.9367615 0.8589712 0.6578194 0.9209190 0.9119815 0.8991133 0.9240448 0.7746188 0.7271503 0.6191126 0.7555498 0.7859722 1.0047380 0.9005554 0.9165590 0.8203604 0.5579450 0.3562718 0.0000000 
