Site	p1	p2	p3	p4
1	5.60097e-14	0.000965706	0.999033	1.68839e-06
2	3.06744e-08	0.45715	0.486998	0.0558518
3	5.69803e-10	0.0295167	0.944701	0.0257824
4	8.54135e-05	0.617746	0.0533834	0.328785
5	3.8164e-13	0.0132921	0.47372	0.512988
6	1.27008e-13	0.0275555	0.766206	0.206239
7	1.51303e-07	0.483761	0.495586	0.0206528
8	3.95757e-06	0.00294845	0.997047	4.48506e-07
9	4.1752e-13	0.00120293	0.992779	0.00601855
10	2.39447e-12	0.84547	0.0910574	0.0634724
11	1.95502e-11	0.000668195	0.999332	1.03502e-08
12	0.000305665	0.176582	0.157842	0.66527
13	1.97824e-11	0.648345	0.0453895	0.306265
14	1.75479e-12	0.00859817	0.991276	0.000125519
15	5.50208e-10	0.426081	0.552613	0.0213058
16	0.119259	0.519359	0.316236	0.0451456
17	1.05456e-11	0.00306732	0.993132	0.00380068
18	1.63082e-15	0.150157	0.712823	0.137021
19	2.73774e-11	0.578559	0.38236	0.0390813
20	3.96255e-06	0.315966	0.549226	0.134805
21	5.16669e-05	0.00773937	0.957811	0.0343978
22	9.67151e-06	0.136762	0.736592	0.126636
23	0.0155847	0.155577	0.666085	0.162754
24	4.94217e-08	0.00505356	0.344166	0.65078
25	3.44671e-09	0.0897906	0.449342	0.460867
26	2.51712e-07	0.197149	0.699181	0.10367
27	0.574672	0.257649	0.0811083	0.0865715
28	3.05218e-08	0.0233279	0.110299	0.866373
29	1.28337e-09	0.179091	0.74894	0.071969
30	1.9814e-11	0.0903189	0.879193	0.0304885
31	9.41928e-13	8.11846e-05	0.943698	0.0562211
32	2.41334e-10	0.00907194	0.990363	0.000564608
33	1.64508e-08	0.0350881	0.502395	0.462517
34	1.73394e-10	0.00683348	0.993166	2.13568e-07
35	2.57248e-15	0.463223	0.424624	0.112153
36	9.0918e-10	0.0233288	0.538761	0.437911
37	3.4398e-06	0.0534404	0.54402	0.402536
38	1.49788e-06	0.0016844	0.998312	2.05454e-06
39	6.03808e-13	0.0373134	0.24466	0.718026
40	2.94735e-05	0.00526762	0.892911	0.101792
41	4.65356e-15	0.0114329	0.987031	0.00153584
42	1.74038e-06	0.398619	0.46809	0.133289
43	3.79099e-16	0.00454291	0.995456	8.67435e-07
44	3.73915e-08	0.000371914	0.953477	0.046151
45	3.42446e-12	0.0312143	0.952723	0.0160632
46	0.000198099	0.113972	0.802434	0.0833957
47	2.88718e-24	0.0155886	0.951259	0.0331524
48	3.33754e-05	0.0044542	0.392545	0.602967
49	6.91706e-11	0.00399968	0.958519	0.0374809
50	1.37835e-07	0.00544714	0.668095	0.326458
51	4.60263e-07	0.266191	0.731502	0.00230719
52	1.28652e-10	0.95714	0.0416517	0.00120835
53	3.76794e-16	0.00469011	0.696365	0.298945
54	7.05059e-12	0.000615275	0.982196	0.0171889
55	1.81764e-15	0.00081958	0.999176	4.21528e-06
56	8.09796e-12	0.0448382	0.952519	0.00264274
57	7.9989e-08	0.637473	0.338037	0.02449
58	6.78202e-09	0.0598146	0.940171	1.47272e-05
59	1.58087e-09	0.00100395	0.998996	3.11949e-07
60	0.000114878	0.00195621	0.88526	0.112669
61	0.000217612	0.260367	0.488317	0.251098
62	4.27266e-16	0.0135337	0.832157	0.154309
63	1.40275e-14	0.0145702	0.632403	0.353027
64	2.29831e-12	0.0393365	0.959415	0.00124835
65	6.49591e-11	0.00540035	0.97076	0.0238399
66	3.05813e-09	0.00125291	0.724375	0.274372
67	5.31775e-06	0.0823929	0.840512	0.0770894
68	6.54518e-12	0.0533271	0.434382	0.512291
69	5.56464e-13	0.00134145	0.990965	0.00769384
70	1.65365e-09	0.0445384	0.932748	0.0227136
71	1.96833e-13	0.00354904	0.989542	0.00690867
72	0.00115967	0.492201	0.470294	0.0363458
73	1.46453e-07	0.105649	0.841628	0.0527233
74	1.04577e-13	0.0456705	0.448655	0.505675
75	8.91991e-06	0.39559	0.587094	0.0173069
76	2.19133e-08	0.0674572	0.932543	1.87462e-07
77	0.00196614	0.542991	0.219697	0.235346
78	5.14491e-10	0.00303445	0.787831	0.209134
79	1.07849e-11	0.0276303	0.964807	0.00756287
80	7.60683e-05	0.802788	0.127814	0.069322
81	5.94167e-10	0.0116503	0.95984	0.0285099
82	1.37634e-11	0.140012	0.859746	0.000241858
83	0.000119087	0.118967	0.288549	0.592365
84	1.93703e-14	0.000253307	0.821416	0.17833
85	0.000180168	0.618928	0.182635	0.198256
86	2.51774e-12	0.0323524	0.934585	0.0330625
87	0.000293566	0.549731	0.437822	0.0121533
88	8.35203e-12	0.000872875	0.933107	0.0660205
89	4.92808e-06	0.338846	0.651731	0.00941757
90	0.000196303	0.0648738	0.928478	0.00645169
91	1.38164e-10	0.0202449	0.979666	8.86432e-05
92	0.000271991	0.13196	0.851802	0.0159657
93	2.64357e-10	0.218426	0.779413	0.00216081
94	1.64731e-09	0.00053103	0.987618	0.0118513
95	1.72607e-10	0.215214	0.567616	0.21717
96	1.69908e-11	0.23546	0.764529	1.12212e-05
97	0.000314693	0.205038	0.79017	0.00447696
98	4.93624e-15	0.00820344	0.0614581	0.930338
99	3.57688e-05	0.110962	0.857654	0.0313479
100	2.99838e-08	0.259723	0.278106	0.462171
101	0.00659136	0.205864	0.609402	0.178142
102	8.46943e-12	0.00395615	0.297542	0.698502
103	4.82121e-09	0.0330167	0.631096	0.335887
104	8.28282e-05	0.962942	0.015705	0.0212705
105	8.34408e-05	0.0347645	0.107763	0.857389
106	0.0423493	0.0703103	0.570605	0.316735
107	2.00183e-12	0.00488633	0.765051	0.230063
108	1.68387e-12	0.010571	0.788376	0.201053
109	1.95728e-07	0.109681	0.720586	0.169732
110	4.49383e-08	0.0463198	0.932445	0.0212351
111	9.81557e-08	0.0601208	0.939817	6.22985e-05
112	1.37647e-15	0.075377	0.924249	0.000373717
113	3.63937e-12	0.00345609	0.834256	0.162288
114	2.03266e-07	0.000312179	0.999686	1.13703e-06
115	2.99705e-07	0.612274	0.325262	0.0624631
116	0.00436801	0.253167	0.0478336	0.694631
117	9.1996e-13	0.00677218	0.790454	0.202774
118	0.000154111	0.00450739	0.99531	2.84155e-05
119	2.14064e-10	0.0328221	0.954305	0.0128724
120	3.58641e-07	0.10713	0.864932	0.0279378
121	7.88191e-16	0.775859	0.223563	0.000577615
122	3.31644e-07	0.0123836	0.126134	0.861482
123	3.80021e-09	0.130213	0.778992	0.0907948
124	1.61836e-09	0.153785	0.741584	0.104631
125	5.32061e-09	0.0205464	0.977118	0.00233539
126	1.11426e-07	0.00402627	0.986811	0.00916279
127	1.58808e-14	0.0420027	0.939819	0.0181788
128	0.00164328	0.534922	0.293969	0.169466
129	5.65721e-13	0.00303749	0.996961	1.48451e-06
130	0.00142996	0.55568	0.383938	0.0589514
131	9.37719e-11	0.316845	0.198707	0.484448
132	3.93676e-07	0.212021	0.766506	0.0214724
133	9.04948e-07	0.451213	0.504361	0.0444258
134	3.19697e-05	0.0642625	0.780913	0.154793
135	2.19715e-14	0.00162731	0.996977	0.00139551
136	5.23675e-14	0.681564	0.136162	0.182273
137	2.57851e-13	0.00143165	0.773923	0.224645
138	2.83351e-07	0.0402888	0.925531	0.0341795
139	2.55897e-05	0.0437219	0.950294	0.00595843
140	1.97853e-10	0.0350887	0.957183	0.00772792
141	1.62946e-08	0.750117	0.132482	0.1174
142	2.58802e-11	0.0247531	0.952455	0.0227918
143	2.794e-08	0.810443	0.157301	0.032256
144	1.14861e-16	0.0748788	0.0484906	0.876631
145	4.54806e-17	0.000512614	0.863932	0.135555
146	6.45312e-13	0.00180943	0.551329	0.446862
147	5.42995e-12	0.0375133	0.929644	0.032843
148	5.29481e-11	0.0243552	0.952561	0.0230837
149	0.00988214	0.630856	0.343779	0.0154827
150	0.000338538	0.0286653	0.94414	0.0268565
151	1.21556e-09	0.0010595	0.99894	7.47164e-07
152	3.58249e-08	0.0238723	0.974389	0.00173855
153	1.44142e-07	0.0137334	0.71806	0.268206
154	2.04837e-07	0.160055	0.687767	0.152177
155	1.62485e-08	0.0185514	0.945598	0.0358503
156	8.75714e-06	0.299128	0.697618	0.00324503
157	0.00362796	0.105887	0.2374	0.653085
158	0.00555077	0.52982	0.211409	0.253221
159	5.70558e-11	0.0669455	0.152894	0.780161
160	6.89375e-12	0.790265	0.133261	0.0764737
161	4.94361e-09	0.0108196	0.986423	0.00275699
162	2.39708e-11	0.813309	0.114964	0.0717267
163	1.98856e-09	0.00196248	0.987981	0.0100568
164	1.03635e-06	0.0534581	0.526199	0.420342
165	2.47486e-07	0.0362742	0.610369	0.353356
166	7.61955e-16	0.00339713	0.996602	1.22291e-06
167	1.05441e-11	0.130416	0.253542	0.616042
168	7.6147e-07	0.0166982	0.975559	0.00774253
169	7.98097e-10	0.337185	0.638318	0.0244975
170	6.39767e-13	0.000291294	0.94017	0.0595386
171	0.00017011	0.281564	0.353357	0.364908
172	1.26398e-10	0.000404407	0.816859	0.182736
173	2.72271e-11	0.41326	0.55287	0.0338698
174	0.00134684	0.374184	0.404036	0.220433
175	9.23814e-17	0.00734495	0.873359	0.119296
176	5.80626e-16	0.0274314	0.972568	7.65031e-08
177	2.61811e-07	0.53133	0.458558	0.0101123
178	2.90857e-06	0.00441939	0.841678	0.153899
179	7.26637e-09	0.0023305	0.694779	0.302891
180	0.00197366	0.45209	0.377982	0.167954
181	2.74888e-07	0.450409	0.180722	0.368868
182	3.21684e-05	0.298938	0.481092	0.219938
183	0.000316496	0.0165592	0.971754	0.0113702
184	0.00661566	0.269897	0.72347	1.70345e-05
185	6.69381e-18	0.00124948	0.16688	0.831871
186	0.0569819	0.114454	0.772407	0.0561569
187	4.54868e-09	0.0302814	0.969229	0.000489188
188	2.05528e-10	0.0175281	0.921252	0.0612197
189	0.521976	0.300401	0.101993	0.0756294
190	1.82632e-09	0.648123	0.325334	0.0265427
191	0.000204235	0.641057	0.189996	0.168742
192	1.70633e-18	0.393187	0.382622	0.22419
193	1.65149e-08	0.517059	0.479341	0.00359998
194	2.36906e-06	0.00393861	0.954865	0.0411937
195	1.37321e-11	0.00425743	0.913497	0.0822454
196	0.0478864	0.00208325	0.695145	0.254885
197	3.46141e-11	0.909948	0.079143	0.0109088
198	3.49529e-10	0.0324346	0.958831	0.00873421
199	0.00501063	0.80792	0.0682978	0.118772
200	8.48219e-16	0.00328678	0.991662	0.00505161
201	3.11898e-12	0.0453842	0.954593	2.26227e-05
202	0.0146634	0.429201	0.294043	0.262093
203	5.00529e-08	0.556977	0.417049	0.0259743
204	4.42942e-05	0.033414	0.915513	0.0510283
205	0.0918806	0.64557	0.21863	0.0439189
206	2.95423e-10	0.489123	0.364772	0.146105
207	1.00964e-05	0.0730518	0.823101	0.103837
208	0.00419033	0.0762799	0.88354	0.0359901
209	9.10959e-08	0.617016	0.211258	0.171727
210	9.12359e-05	0.555727	0.340657	0.103525
211	7.7271e-07	0.000529646	0.999466	3.61146e-06
212	4.21088e-05	0.0757675	0.904509	0.0196816
213	0.000155481	0.825774	0.161059	0.0130117
214	0.00085301	0.0124842	0.880855	0.105808
215	3.97962e-07	0.0511713	0.948827	1.18564e-06
216	9.84333e-16	0.0177386	0.555594	0.426668
217	1.50176e-07	0.635881	0.330476	0.0336429
218	6.26255e-13	0.00872136	0.767088	0.22419
219	2.00335e-14	0.0847771	0.280448	0.634775
220	6.19763e-05	0.0762834	0.923628	2.64038e-05
221	2.30998e-11	0.0187339	0.979413	0.00185352
222	5.01768e-11	0.000110565	0.94443	0.0554594
223	4.59061e-13	0.0109325	0.727909	0.261159
224	1.13039e-10	0.0252699	0.82237	0.15236
225	8.51909e-08	0.0241706	0.688809	0.287021
226	4.63378e-09	0.0124135	0.677672	0.309914
227	7.96495e-05	0.0128258	0.641158	0.345937
228	1.51819e-08	0.00959151	0.648464	0.341944
229	9.0874e-09	0.00569858	0.949553	0.0447481
230	1.69946e-13	0.00978515	0.990099	0.000115549
231	2.47861e-07	0.00289197	0.0614262	0.935682
232	1.82444e-08	0.677293	0.133477	0.18923
233	2.04108e-08	0.746743	0.150135	0.103122
234	1.46442e-09	0.000164267	0.939397	0.0604382
235	5.60237e-09	0.0271836	0.942738	0.030078
236	1.00214e-10	0.0157085	0.984222	6.92131e-05
237	3.33837e-06	0.043585	0.956384	2.76188e-05
238	1.24477e-11	0.147395	0.671843	0.180762
239	1.17757e-15	0.00863975	0.940565	0.050795
240	4.1053e-08	0.557364	0.376278	0.0663575
241	2.94772e-10	0.775063	0.224925	1.13229e-05
242	0.970344	0.0164962	0.00752996	0.00563004
243	0.417836	0.412653	0.149072	0.0204387
244	7.23937e-08	0.0123132	0.570786	0.416901
245	0.000321817	0.177792	0.691393	0.130493
246	1.10353e-06	0.00638757	0.471372	0.522239
247	4.09071e-15	0.000684497	0.0461876	0.953128
248	1.65441e-17	0.0994698	0.561363	0.339167
249	0.271015	0.297091	0.385027	0.0468672
250	6.54978e-06	0.562129	0.43659	0.00127377
251	2.90446e-06	0.133299	0.419298	0.4474
252	1.7078e-09	0.00710365	0.244111	0.748785
253	2.69665e-10	0.0205821	0.365937	0.613481
254	0.00461943	0.007019	0.619205	0.369157
255	3.7694e-06	0.0185941	0.919439	0.0619629
256	5.61535e-06	0.0115756	0.458424	0.529995
257	2.59617e-07	0.183951	0.571618	0.244431
258	6.95589e-09	0.775593	0.0502935	0.174114
259	2.34625e-07	0.000303944	0.999682	1.40706e-05
260	2.3933e-06	0.0855291	0.453785	0.460684
261	2.63439e-12	0.00385376	0.996146	3.94041e-08
262	8.34931e-09	0.0162506	0.983117	0.000631975
263	1.01134e-06	0.0308096	0.9267	0.0424893
264	6.28481e-07	0.00642081	0.640299	0.35328
265	4.34046e-13	7.60852e-05	0.999901	2.31542e-05
266	1.61994e-15	0.164715	0.716912	0.118374
267	2.49242e-09	0.782176	0.159632	0.0581921
268	1.1611e-12	0.00118573	0.998718	9.58506e-05
269	1.5913e-09	0.0110594	0.958656	0.030285
270	2.55344e-06	0.0046222	0.947446	0.0479293
271	4.99568e-08	0.585939	0.0542646	0.359797
272	4.94645e-05	0.00617052	0.921601	0.0721793
273	2.05806e-10	0.000954351	0.937192	0.0618537
274	1.97299e-09	0.00876276	0.989981	0.00125657
275	0.00350439	0.0653839	0.926849	0.00426314
276	1.93551e-10	0.0088721	0.949313	0.0418151
277	3.7494e-08	0.377962	0.450497	0.171542
278	4.2533e-10	0.0856354	0.224772	0.689593
279	9.386e-07	0.0155327	0.567379	0.417088
280	6.41069e-14	0.0394008	0.354671	0.605928
281	1.30315e-05	0.513348	0.471546	0.0150934
282	1.94699e-13	0.0642666	0.749302	0.186431
283	2.76345e-07	0.00780182	0.992187	1.04875e-05
284	2.26746e-06	0.00887337	0.97175	0.0193741
285	0.000785966	0.133287	0.746267	0.11966
286	5.40155e-12	0.568382	0.431595	2.32749e-05
287	2.27273e-07	0.0341324	0.959946	0.00592114
288	1.92761e-06	0.454436	0.256958	0.288604
289	1.42854e-09	0.00148785	0.745573	0.25294
290	3.15756e-07	0.0322066	0.942584	0.0252095
291	2.3864e-11	0.276706	0.67046	0.0528345
292	3.43547e-06	0.173694	0.664202	0.162101
293	2.95649e-12	0.112729	0.631449	0.255822
294	0.000107453	0.4337	0.502789	0.0634028
295	4.59529e-09	0.00610652	0.993888	5.42705e-06
296	0.00201872	0.0498437	0.588035	0.360103
297	5.25091e-07	0.4054	0.526748	0.0678515
298	3.72668e-12	0.000327838	0.996806	0.00286589
299	4.24431e-08	0.0441023	0.955898	7.71976e-08
300	3.94371e-07	0.285045	0.155166	0.559789
301	3.22207e-13	0.0691984	0.929369	0.00143279
302	0.00133887	0.134538	0.738633	0.12549
303	9.68749e-09	0.381661	0.608426	0.00991315
304	1.35275e-12	0.144732	0.855265	3.26668e-06
305	2.56493e-19	3.49452e-05	0.999965	7.98873e-08
306	0.0892477	0.386587	0.506461	0.0177034
307	4.32015e-06	0.0016893	0.998306	3.65583e-07
308	3.00728e-08	0.0159631	0.942194	0.0418429
309	0.645193	0.0137234	0.243648	0.0974357
310	1.27123e-09	0.000501606	0.999489	9.30667e-06
311	0.00107608	0.181594	0.659571	0.157759
312	1.21875e-07	0.480595	0.51806	0.0013453
313	0.00110425	0.00349733	0.767398	0.228
314	0.981902	0.0115549	0.00317949	0.00336381
315	0.000398083	0.238231	0.415542	0.345829
316	0.500516	0.347083	0.114083	0.0383178
317	2.66187e-08	0.0252808	0.9564	0.0183192
318	2.61026e-10	0.822481	0.167875	0.00964342
319	3.22527e-09	0.347303	0.616827	0.0358698
320	2.54776e-17	4.209e-05	0.968333	0.0316246
321	0.000136911	0.00901334	0.753646	0.237203
322	4.31198e-14	0.00218174	0.619209	0.378609
323	0.000115556	0.014756	0.913976	0.0711524
324	0.645193	0.0137234	0.243648	0.0974357
325	2.09361e-13	0.117057	0.501157	0.381785
326	3.36985e-06	0.0130478	0.911197	0.0757519
327	6.84143e-11	0.00610621	0.993892	1.36969e-06
328	4.91288e-07	0.00154353	0.983079	0.0153769
329	3.7385e-08	0.115832	0.251539	0.632629
330	1.47613e-05	0.294167	0.496665	0.209154
331	2.68016e-08	0.0136819	0.986316	1.98803e-06
332	1.02721e-11	0.0485794	0.776368	0.175052
333	1.78924e-07	0.22093	0.255394	0.523676
334	4.48867e-05	0.0762485	0.424209	0.499498
335	8.51669e-09	0.173115	0.819992	0.00689215
336	0.000359155	0.0223329	0.917741	0.0595669
337	2.57667e-10	0.685315	0.304725	0.00995965
338	3.2556e-06	0.0305355	0.71592	0.253541
339	5.88133e-06	0.723568	0.222601	0.0538247
340	9.15931e-06	0.414832	0.132774	0.452384
341	1.36865e-06	0.0658348	0.850718	0.0834455
342	1.8857e-06	0.614079	0.0961071	0.289812
343	3.42742e-06	0.525229	0.0388948	0.435873
344	1.28588e-09	0.12159	0.570416	0.307994
345	1.5988e-07	0.00124941	0.998733	1.75587e-05
346	1.2601e-06	0.0187279	0.401383	0.579888
347	9.50547e-06	0.0492977	0.789665	0.161028
348	0.00194469	0.669215	0.30038	0.0284609
349	4.35835e-08	6.27924e-05	0.676352	0.323585
350	7.62215e-11	0.599557	0.277203	0.12324
351	2.43866e-05	0.0022302	0.863619	0.134126
352	1.01076e-07	0.292844	0.408864	0.298293
353	1.24172e-07	0.0245831	0.734572	0.240844
354	3.72515e-07	0.687017	0.0264616	0.286521
355	0.000115878	0.135992	0.634001	0.229891
356	4.79466e-08	0.00224446	0.865721	0.132034
357	6.25562e-11	0.00147291	0.998478	4.87148e-05
358	3.86887e-13	0.312471	0.653481	0.0340477
359	7.27082e-06	0.224939	0.713576	0.0614776
360	1.42505e-16	0.00178444	0.957296	0.0409191
361	0.0538623	0.257648	0.611311	0.0771787
362	4.2637e-12	0.333379	0.602212	0.0644098
363	6.57808e-06	0.00370287	0.875012	0.121278
364	7.7095e-09	0.363113	0.550369	0.0865176
365	0.00150067	0.0179686	0.966696	0.0138343
366	2.08506e-08	0.000205155	0.958188	0.0416069
367	5.61817e-13	0.0817258	0.902676	0.0155987
368	0.574672	0.257649	0.0811083	0.0865715
369	1.72593e-05	0.181603	0.432299	0.386081
370	1.96413e-13	0.146464	0.845402	0.00813425
371	1.4133e-08	0.175338	0.44572	0.378942
372	8.94793e-13	1.48818e-05	0.127108	0.872877
373	0.00946948	0.10643	0.822314	0.0617862
374	1.13978e-09	0.00207918	0.997897	2.35808e-05
375	9.85568e-05	0.18427	0.762141	0.0534907
376	2.02237e-09	0.27544	0.607888	0.116672
377	2.34224e-13	0.00312951	0.602154	0.394716
378	3.57873e-06	0.019299	0.741169	0.239528
379	2.22318e-09	0.134998	0.857211	0.00779058
380	1.55165e-08	0.048029	0.929413	0.0225581
381	3.90286e-05	0.425443	0.574514	3.65377e-06
382	1.01713e-10	0.365731	0.625455	0.00881427
383	2.09096e-09	0.115077	0.863395	0.021528
384	0.0293049	0.746689	0.186869	0.0371361
385	4.96093e-05	0.459885	0.0532567	0.486809
386	0.000117438	0.369469	0.24239	0.388023
387	0.0100199	0.0127947	0.539204	0.437981
388	1.04723e-09	0.00184586	0.923511	0.0746436
389	5.22108e-09	0.0382404	0.906689	0.0550703
390	1.94291e-07	0.237256	0.669401	0.0933429
391	6.19584e-05	0.0341557	0.625241	0.340541
392	1.02829e-11	0.0525085	0.857963	0.089529
393	9.50225e-12	0.926378	0.0639063	0.00971596
394	4.49866e-05	0.304727	0.277014	0.418214
395	7.57976e-13	0.00619975	0.993795	5.57595e-06
396	2.92921e-06	0.635798	0.0419846	0.322214
397	0.00077316	0.114432	0.463896	0.420899
398	1.74435e-11	0.129417	0.847949	0.0226335
399	2.38796e-13	0.018866	0.701858	0.279276
400	2.11002e-09	6.76522e-05	0.941735	0.0581978
401	2.53703e-12	0.124588	0.871079	0.00433351
402	4.87431e-05	0.0219391	0.781283	0.196729
403	6.08259e-06	0.0025901	0.247154	0.75025
404	2.05208e-07	0.049006	0.744555	0.206439
405	5.36824e-10	0.448614	0.170117	0.381269
406	2.08472e-11	0.000152259	0.999847	8.65888e-07
407	1.05712e-09	0.00849166	0.991505	2.87739e-06
408	6.79402e-11	0.782051	0.197559	0.0203896
409	4.66841e-10	0.00358038	0.979116	0.0173036
410	0.161424	0.449446	0.0875909	0.301539
411	0.445279	0.171595	0.375865	0.00726163
412	3.91074e-11	0.847866	0.0792042	0.0729294
413	0.00239589	0.567163	0.338705	0.0917361
414	1.82871e-14	0.341061	0.580723	0.0782158
415	2.24237e-15	0.000584366	0.998492	0.000923391
416	0.970344	0.0164962	0.00752996	0.00563004
417	0.0144131	0.439797	0.494427	0.0513629
418	7.16607e-07	0.202928	0.751674	0.0453966
419	1.29072e-08	0.533333	0.2091	0.257567
420	4.19878e-05	0.0214855	0.978465	7.89808e-06
421	8.39456e-05	0.465475	0.534434	6.45598e-06
422	0.00839147	0.272773	0.707512	0.0113237
423	2.47772e-14	0.018037	0.981906	5.66651e-05
424	7.11531e-11	0.138025	0.0201401	0.841835
425	3.74469e-08	0.634866	0.365131	2.62052e-06
426	1.00444e-05	0.0094193	0.13892	0.85165
427	0.00178866	0.00672819	0.405392	0.586091
428	6.8077e-15	0.767411	0.0706685	0.16192
429	4.57612e-07	0.740401	0.259598	5.47906e-07
430	1.49637e-09	0.00226023	0.996569	0.00117107
431	3.91504e-08	0.249895	0.637273	0.112833
432	0.000401969	0.793335	0.146795	0.0594684
433	5.15138e-06	0.00290109	0.997043	5.04192e-05
434	4.64171e-11	0.00324981	0.996749	8.89527e-07
435	2.85643e-07	0.0261972	0.258932	0.714871
436	0.00223237	0.598131	0.144274	0.255363
437	0.000577565	0.890387	0.0882586	0.0207772
438	5.97198e-06	0.102739	0.863733	0.0335222
439	0.00032425	0.86605	0.102695	0.0309302
440	1.49969e-12	0.531257	0.46871	3.3215e-05
441	0.0002447	0.173004	0.826743	7.72248e-06
442	3.00951e-12	0.0238856	0.8131	0.163015
443	0.497481	0.269856	0.132814	0.0998481
444	2.73581e-15	0.00452343	0.956982	0.0384941
445	1.561e-06	0.00285868	0.997138	1.93801e-06
446	9.73436e-10	0.00665433	0.585027	0.408318
447	0.116295	0.0977108	0.785993	1.20502e-06
448	1.35703e-09	1.24469e-05	0.96623	0.0337575
449	9.45889e-08	0.624882	0.258296	0.116822
450	0.008237	0.024622	0.539756	0.427385
451	4.04541e-07	0.125596	0.714661	0.159742
452	1.62788e-07	0.714116	0.12263	0.163254
453	9.2545e-09	0.224921	0.0621978	0.712881
454	0.000207101	0.332493	0.595785	0.0715156
455	3.02747e-08	0.00226471	0.9938	0.00393501
456	8.30036e-18	0.00118667	0.215428	0.783386
457	0.0406397	0.701417	0.196278	0.0616649
458	7.38461e-12	2.73786e-05	0.975271	0.024702
459	7.69887e-18	0.324069	0.669168	0.00676251
460	0.000305709	0.0870224	0.817239	0.0954329
461	1.63754e-10	0.866171	0.0732715	0.0605571
462	9.91656e-09	0.185248	0.775802	0.0389492
463	4.82695e-06	0.209534	0.594945	0.195516
464	3.20375e-08	0.482501	0.473246	0.0442525
465	0.735842	0.172153	0.082245	0.00976051
466	3.25673e-09	0.241569	0.758222	0.000208994
467	5.96273e-13	0.00216572	0.962142	0.0356921
468	0.970344	0.0164962	0.00752996	0.00563004
469	0.0173599	0.0239656	0.725475	0.233199
470	1.42644e-13	0.610672	0.0826921	0.306636
471	2.72104e-06	0.592344	0.376164	0.031489
472	2.08586e-14	0.553924	0.424997	0.0210792
473	2.7289e-06	0.880553	0.0383892	0.0810552
474	3.52025e-11	0.0282783	0.960662	0.0110598
475	4.54728e-14	0.0832179	0.530008	0.386774
476	0.00117665	0.31312	0.126081	0.559622
477	0.00423253	0.762514	0.134217	0.0990366
478	8.86085e-12	0.0182414	0.0535441	0.928215
479	2.33498e-05	0.00739192	0.93188	0.0607049
480	1.80536e-10	0.0190063	0.932446	0.0485477
481	3.99964e-11	0.0267091	0.613634	0.359657
482	8.48617e-13	0.360231	0.638717	0.00105175
483	8.24816e-07	0.228771	0.736762	0.0344665
484	0.000134681	0.55781	0.434931	0.00712382
485	7.26963e-13	0.959182	0.0353597	0.00545826
486	8.01831e-10	0.000972719	0.427056	0.571971
487	1.1815e-19	0.00357457	0.986851	0.00957445
488	8.10287e-19	0.072624	0.707265	0.220111
489	0.000321716	0.61358	0.361906	0.0241919
490	1.38336e-13	5.64922e-05	0.999941	2.27534e-06
491	3.12275e-10	0.0566949	0.943304	7.99464e-07
492	2.97029e-18	0.000753005	0.0231442	0.976103
493	4.81172e-10	0.0270831	0.972903	1.34537e-05
494	0.000170213	0.231993	0.767837	5.21083e-07
495	7.32062e-08	0.327407	0.663512	0.00908051
496	1.54508e-13	0.00114128	0.706638	0.292221
497	2.2906e-06	0.018696	0.981293	8.38914e-06
498	8.23775e-13	0.552133	0.40351	0.0443573
499	1.2643e-06	0.0570794	0.389158	0.553761
500	3.35141e-06	0.743243	0.206069	0.0506845
501	2.94104e-08	0.693508	0.26047	0.0460226
502	0.000732346	0.618882	0.374125	0.00626069
503	6.00297e-11	0.442345	0.12498	0.432675
504	1.13153e-19	9.91885e-05	0.999901	8.69257e-08
505	0.000351783	0.906788	0.0853853	0.00747538
506	1.61828e-14	0.18901	0.0703768	0.740613
507	5.52174e-09	0.00321689	0.989496	0.00728681
508	2.96871e-11	0.00759225	0.279217	0.713191
509	1.13707e-12	0.499025	0.307547	0.193428
510	5.73078e-13	0.952771	0.00665269	0.0405765
511	4.45578e-12	0.270333	0.096453	0.633214
512	0.970344	0.0164962	0.00752996	0.00563004
513	5.21676e-10	0.00534758	0.56841	0.426243
514	8.29271e-05	0.327854	0.665565	0.00649828
515	1.15116e-08	0.316642	0.677544	0.0058139
516	7.9051e-12	0.000644662	0.90074	0.0986152
517	2.64819e-07	0.340204	0.659792	4.19505e-06
518	0.287501	0.317225	0.246893	0.14838
519	5.77842e-08	0.146598	0.826996	0.0264058
520	1.43469e-09	0.053762	0.946237	6.13464e-07
521	9.54265e-08	0.150348	0.743703	0.105949
522	6.6455e-17	0.0411876	0.947671	0.0111411
523	2.42171e-15	0.00717878	0.99258	0.000241016
524	0.0253272	0.755659	0.181502	0.0375121
525	0.00204796	0.368256	0.619089	0.0106067
526	1.51276e-10	0.251009	0.726596	0.0223957
527	0.000654994	0.0923577	0.405157	0.501831
528	1.22061e-16	0.00100698	0.0536849	0.945308
529	3.6372e-12	0.00312748	0.978132	0.0187409
530	1.12319e-13	0.461196	0.397142	0.141662
531	8.20972e-08	0.0494583	0.949456	0.00108591
532	7.67706e-05	0.0522553	0.830449	0.117219
533	2.26674e-10	0.172777	0.248337	0.578886
534	1.27787e-14	0.776572	0.0851541	0.138274
535	4.99477e-05	0.102428	0.418374	0.479148
536	0.00054357	0.0537059	0.936197	0.00955382
537	0.00262766	0.123942	0.715513	0.157917
538	3.86596e-17	0.00049054	0.75285	0.24666
539	0.00116773	0.630674	0.352741	0.0154175
540	4.94277e-12	0.000260201	0.99974	1.17453e-07
541	1.65291e-08	0.552967	0.44515	0.00188283
542	8.82237e-12	0.00225175	0.761406	0.236342
543	0.000436956	0.180741	0.797193	0.0216298
544	0.000226183	0.112138	0.488048	0.399589
545	6.08992e-05	0.063448	0.795219	0.141272
546	6.39162e-10	0.250397	0.749537	6.61626e-05
547	4.66518e-06	0.0233738	0.676558	0.300063
548	9.57648e-10	0.835514	0.111113	0.0533737
549	9.3241e-24	0.0328722	0.962725	0.00440324
550	3.47498e-14	0.0818965	0.917102	0.00100144
551	2.45378e-07	0.0196914	0.776506	0.203802
552	4.0522e-06	0.0071635	0.511768	0.481065
553	0.108033	0.25722	0.487527	0.14722
554	3.62022e-14	0.000218796	0.999055	0.000726411
555	5.4449e-10	0.0471134	0.806678	0.146209
556	1.73533e-08	0.325873	0.619608	0.0545195
557	6.25174e-07	0.0129872	0.960665	0.0263468
558	4.93074e-07	0.00124769	0.934637	0.0641147
559	6.47966e-08	0.0707926	0.902139	0.0270681
560	7.56175e-14	0.00511811	0.994881	4.19859e-07
561	1.47795e-13	0.00703406	0.973789	0.0191765
562	5.3054e-10	0.00576625	0.985201	0.00903237
563	0.000443481	0.000174122	0.999382	6.68334e-07
564	6.99709e-10	0.00124939	0.633854	0.364896
565	0.576595	0.258064	0.0990188	0.0663226
566	6.11318e-05	0.282415	0.629829	0.0876952
567	0.647707	0.240054	0.0435799	0.0686597
568	0.000504171	0.760124	0.107305	0.132066
569	0.000197376	0.246369	0.732067	0.0213668
570	5.11088e-06	0.113319	0.86046	0.0262157
571	8.78107e-09	0.579301	0.41678	0.00391857
572	2.91835e-08	0.290016	0.357638	0.352346
573	9.72924e-05	0.21927	0.104337	0.676295
574	7.60632e-09	0.585199	0.408759	0.00604173
575	2.16035e-05	0.00681178	0.3801	0.613066
576	1.86798e-13	0.00227779	0.740118	0.257604
577	3.79393e-11	0.0033089	0.996249	0.000442278
578	0.000393875	0.0934931	0.596827	0.309286
579	1.49139e-11	0.00389312	0.121628	0.874479
580	4.18544e-06	0.151457	0.516985	0.331554
581	5.63833e-13	0.094909	0.383412	0.521679
582	5.43912e-14	0.0938545	0.902795	0.00335041
583	7.12241e-09	0.013865	0.976594	0.00954085
584	1.06276e-12	0.681409	0.285158	0.0334326
585	7.37002e-09	0.0400992	0.952252	0.0076484
586	0.0140425	0.0602956	0.699661	0.226001
587	1.01461e-07	0.045778	0.240745	0.713477
588	5.75794e-07	0.00847759	0.974129	0.0173925
589	3.86662e-17	9.14659e-05	0.999908	6.32266e-07
590	0.072639	0.359432	0.125012	0.442916
591	6.669e-07	0.0536382	0.640656	0.305705
592	1.52777e-07	0.0175715	0.975665	0.00676374
593	0.0059418	0.798043	0.148685	0.0473301
594	4.99881e-11	0.0172784	0.584888	0.397834
595	1.27112e-05	0.0092726	0.912661	0.0780532
596	1.1681e-10	0.00697847	0.980357	0.0126642
597	5.77785e-06	0.0494542	0.874647	0.0758934
598	6.27398e-09	0.00639953	0.0766573	0.916943
599	2.90736e-10	0.205335	0.761216	0.0334489
600	7.67521e-05	0.00575042	0.85115	0.143023
601	1.80573e-15	0.0463863	0.866877	0.0867364
602	1.95853e-08	0.740497	0.247849	0.011654
603	3.7927e-11	0.0757556	0.562336	0.361909
604	0.0156633	0.398008	0.546817	0.0395117
605	4.85412e-09	0.00854777	0.57894	0.412512
606	3.89517e-16	0.00355525	0.651729	0.344715
607	2.69836e-08	0.113898	0.885838	0.000264291
608	0.598046	0.0175783	0.228814	0.155562
609	5.08756e-05	0.00319829	0.78999	0.206761
610	5.14163e-06	0.142356	0.857637	2.03501e-06
611	4.29585e-05	0.0682034	0.470015	0.461739
612	8.40184e-11	0.253836	0.735896	0.010268
613	0.000347512	0.477714	0.340928	0.18101
614	7.70454e-05	0.061395	0.902177	0.0363509
615	5.98318e-09	0.631671	0.340214	0.0281151
616	3.64174e-06	0.0122825	0.98215	0.00556393
617	3.82912e-12	0.0941773	0.849263	0.0565599
618	1.34354e-05	0.588425	0.169581	0.241981
619	1.52848e-06	0.00424499	0.883929	0.111824
620	7.6395e-10	0.0989626	0.870657	0.0303804
621	0.000181929	0.150716	0.388274	0.460829
622	4.0559e-07	0.0137743	0.733383	0.252842
623	0.646234	0.018933	0.198403	0.13643
624	0.000114877	0.632676	0.367206	2.78907e-06
625	5.92508e-08	0.234778	0.754963	0.0102593
626	6.45244e-10	0.00261577	0.718451	0.278933
627	2.64069e-08	0.146015	0.786095	0.0678898
628	6.00394e-15	0.00304747	0.996952	6.79345e-07
629	3.11322e-12	0.00234877	0.976817	0.0208338
630	6.541e-10	0.00921271	0.989751	0.00103619
631	9.14847e-14	0.100439	0.626316	0.273245
632	2.87477e-12	0.601186	0.372562	0.0262519
633	7.49567e-08	0.00757772	0.171329	0.821093
634	8.31708e-15	0.207028	0.792713	0.000258844
635	0.00370457	0.143738	0.548753	0.303804
636	3.23817e-07	0.0232281	0.374424	0.602348
637	5.8498e-12	0.631727	0.0468782	0.321395
638	1.89812e-09	0.055532	0.884451	0.0600172
639	3.49835e-08	0.155552	0.844447	8.11932e-07
640	1.11381e-16	0.0856951	0.799226	0.115079
641	3.13006e-05	0.0323374	0.208558	0.759073
642	2.03543e-07	0.563106	0.43689	4.42504e-06
643	0.000167705	0.229651	0.0602709	0.70991
644	7.61051e-07	0.577746	0.422253	7.40451e-08
645	6.44736e-13	0.000453731	0.992054	0.0074919
646	5.98437e-08	0.056629	0.783292	0.160079
647	1.29315e-05	0.710107	0.257829	0.0320511
648	0.725876	0.158313	0.0775929	0.0382188
649	0.134506	0.409506	0.431648	0.0243398
650	2.08626e-16	0.175851	0.820683	0.00346509
651	1.6863e-12	0.113177	0.0579625	0.828861
652	0.0225012	0.0355718	0.518885	0.423042
653	3.52277e-06	0.366217	0.196294	0.437485
654	1.33387e-09	0.952709	0.0455109	0.00177964
655	0.0202565	0.229176	0.559521	0.191047
656	0.0331237	0.422188	0.516029	0.0286592
657	3.58197e-13	0.0150034	0.968196	0.0168002
658	6.04497e-05	0.0110145	0.790774	0.198151
659	3.06747e-09	0.000408844	0.83402	0.165571
660	1.09916e-08	0.111402	0.865342	0.0232565
661	4.2294e-14	0.643187	0.331624	0.0251892
662	6.29165e-06	0.0365005	0.0376244	0.925869
663	1.29623e-05	0.0860496	0.27335	0.640588
664	1.57917e-06	0.045073	0.730252	0.224674
665	9.82511e-07	0.111887	0.871595	0.0165176
666	6.79315e-09	0.3625	0.626064	0.0114362
667	3.03399e-09	0.0105979	0.799712	0.18969
668	1.58628e-08	0.00428004	0.411575	0.584145
669	3.08453e-07	0.0946285	0.905346	2.56531e-05
670	4.00844e-05	0.421875	0.436601	0.141484
671	1.27673e-10	0.111647	0.888297	5.68146e-05
672	1.19068e-07	0.150267	0.654115	0.195618
673	0.000110208	0.289818	0.710019	5.34635e-05
674	1.35079e-13	7.18958e-05	0.886195	0.113733
675	6.03493e-13	0.461007	0.459058	0.0799353
676	7.47231e-14	0.0517988	0.341716	0.606485
677	3.45139e-16	0.000294157	0.999705	4.54763e-07
678	0.0157106	0.432981	0.422542	0.128766
679	3.08936e-08	0.00488619	0.650849	0.344265
680	0.000238648	0.226428	0.66052	0.112814
681	1.39613e-08	0.330753	0.520775	0.148472
682	0.00016533	0.0828289	0.758872	0.158134
683	0.00468813	0.321892	0.624216	0.0492039
684	0.104216	0.0221798	0.284649	0.588954
685	4.19881e-11	0.00202539	0.583316	0.414659
686	1.51796e-06	0.000510078	0.813873	0.185616
687	1.00056e-06	0.163193	0.83467	0.00213626
688	1.48013e-16	0.000482241	0.999517	5.45819e-07
689	1.16732e-06	0.00607987	0.988552	0.00536726
690	1.69169e-08	0.0311561	0.965991	0.00285279
691	5.60842e-10	0.00272181	0.997233	4.52096e-05
692	0.493915	0.303858	0.0546612	0.147567
693	0.970344	0.0164962	0.00752996	0.00563004
694	0.000149648	0.676026	0.0468255	0.276999
695	1.49894e-10	0.0159429	0.148975	0.835082
696	1.89875e-08	0.0894857	0.1442	0.766314
697	2.05899e-07	0.00106968	0.908939	0.089991
698	0.000545645	0.00626072	0.958354	0.0348397
699	1.08634e-11	0.0490197	0.95098	5.49219e-09
700	2.48277e-16	0.222475	0.0624492	0.715076
701	1.99676e-09	0.200562	0.756554	0.042884
702	6.01698e-14	0.0122856	0.987296	0.000418223
703	5.97014e-11	0.0097455	0.987211	0.00304368
704	0.0198798	0.22665	0.567049	0.186421
705	0.0423195	0.88169	0.0729873	0.00300304
706	3.29689e-08	0.48972	0.372148	0.138132
707	0.00230156	0.0858553	0.803442	0.108401
708	5.06454e-05	0.0282314	0.880162	0.0915559
709	1.16274e-06	0.0159464	0.891165	0.0928876
710	1.29495e-05	0.00134763	0.468904	0.529736
711	2.65494e-11	0.228173	0.770586	0.001241
712	0.000445443	0.0209028	0.872009	0.106643
713	0.00230252	0.0880466	0.85376	0.0558912
714	1.49496e-11	0.0503525	0.411409	0.538238
715	1.42761e-06	0.307058	0.538584	0.154356
716	0.000569203	0.00643814	0.992982	1.08376e-05
717	5.18783e-05	0.0320613	0.764695	0.203192
718	4.0267e-12	0.0459227	0.865126	0.0889514
719	1.42458e-09	0.211633	0.788367	2.43716e-07
720	5.48697e-07	0.19867	0.454572	0.346757
721	8.07848e-06	0.0109972	0.104995	0.883999
722	2.76737e-06	0.122046	0.699813	0.178138
723	0.000107142	0.0862305	0.670117	0.243545
724	1.03843e-16	0.579623	0.404021	0.0163556
725	4.60546e-08	0.00137526	0.913865	0.0847593
726	8.22903e-07	0.0136567	0.984051	0.00229128
727	1.15358e-06	0.401955	0.596895	0.00114883
728	2.24351e-13	0.491686	0.508314	5.13477e-08
729	3.55665e-07	0.525052	0.112782	0.362166
730	0.000236582	0.589444	0.357083	0.0532362
731	5.21586e-15	0.000343069	0.015015	0.984642
732	5.07855e-07	0.040197	0.801932	0.15787
733	3.7448e-06	0.0132059	0.98679	3.46151e-07
734	1.14085e-07	0.00104206	0.756837	0.242121
735	2.54802e-05	0.778883	0.158148	0.0629433
736	1.09055e-13	0.0658191	0.905278	0.0289027
737	2.11055e-05	0.0989737	0.891653	0.0093526
738	0.222027	0.0046274	0.167083	0.606262
739	1.54144e-09	0.0071433	0.986621	0.00623572
740	0.0416884	0.330102	0.367809	0.260401
741	8.77248e-08	0.0115699	0.800233	0.188197
742	5.75826e-12	7.44263e-05	0.998485	0.00144084
743	9.70756e-05	0.0148165	0.933253	0.0518332
744	1.92857e-08	0.0168356	0.859323	0.123842
745	3.05208e-07	0.05861	0.772552	0.168837
746	2.9312e-11	0.00546313	0.907914	0.0866225
747	4.99621e-20	0.00087254	0.99601	0.00311767
748	2.39619e-11	0.000479503	0.438651	0.560869
749	7.91715e-16	0.0188734	0.974839	0.0062876
750	0.00295878	0.222372	0.561104	0.213565
751	3.99551e-06	0.0317496	0.934578	0.0336681
752	3.40688e-12	0.0198795	0.115974	0.864146
753	1.01969e-07	0.712769	0.282636	0.00459513
754	7.21483e-07	0.015541	0.945567	0.0388912
755	0.287501	0.317225	0.246893	0.14838
756	1.72017e-07	0.552909	0.350605	0.0964855
757	1.1826e-13	9.17466e-05	0.998654	0.00125381
758	3.52839e-07	0.532924	0.406307	0.0607691
759	1.14929e-14	0.00489057	0.233918	0.761191
760	1.25859e-08	0.0333504	0.352312	0.614338
761	0.0383759	0.268216	0.243778	0.44963
762	2.48314e-05	0.168117	0.597179	0.234679
763	1.89865e-15	0.000355355	0.390074	0.609571
764	1.89351e-07	0.201323	0.777001	0.0216758
765	1.15935e-11	0.206306	0.264403	0.529291
766	6.9378e-09	0.905309	0.0921859	0.00250519
767	3.41777e-15	0.00552765	0.993762	0.000710403
768	9.63623e-12	0.628871	0.371117	1.14117e-05
769	2.48285e-10	0.801813	0.189751	0.00843617
770	1.92702e-09	0.287048	0.64896	0.0639921
771	1.12846e-05	0.637732	0.248416	0.113841
772	0.0227017	0.172593	0.752775	0.0519295
773	1.40947e-07	0.204143	0.795854	2.40725e-06
774	1.83262e-11	0.0115505	0.577419	0.411031
775	1.44851e-06	0.161261	0.833848	0.00488964
776	1.05379e-08	0.0494847	0.823135	0.12738
777	0.742721	0.0326966	0.204979	0.0196038
778	4.39414e-14	0.000115126	0.999883	2.13044e-06
779	8.3509e-11	0.0128279	0.987114	5.78373e-05
780	6.37174e-07	0.0263365	0.888323	0.08534
781	8.36281e-14	0.00806575	0.991933	1.09885e-06
782	1.41772e-09	0.0114024	0.984287	0.00431032
783	9.8584e-08	0.00663228	0.566821	0.426547
784	6.72179e-13	0.00278248	0.991303	0.00591404
785	1.70346e-05	0.0250873	0.972513	0.00238307
786	0.330109	0.307108	0.224318	0.138465
787	0.0103048	0.286641	0.537489	0.165566
788	5.51808e-13	0.00105988	0.834348	0.164592
789	7.57905e-08	0.114817	0.834748	0.0504351
790	0.000175107	0.061694	0.93813	6.76611e-07
791	2.25906e-08	0.0011579	0.99884	2.01289e-06
792	1.03415e-08	0.430955	0.569042	3.46667e-06
793	3.04821e-10	0.173701	0.621717	0.204582
794	1.44733e-08	0.00295723	0.905321	0.0917218
795	4.50197e-11	0.00751917	0.971434	0.021047
796	2.45018e-08	0.0407773	0.248154	0.711068
797	6.64964e-10	0.183072	0.545215	0.271713
798	1.65228e-05	0.0636534	0.929087	0.00724306
799	2.72722e-09	0.172135	0.484215	0.34365
800	4.9467e-07	0.0197034	0.967187	0.013109
801	6.64796e-05	0.301457	0.656902	0.0415744
802	1.34662e-11	0.172301	0.570019	0.25768
803	1.96434e-11	0.0203762	0.908306	0.0713174
804	0.970344	0.0164962	0.00752996	0.00563004
805	5.40607e-05	0.40969	0.255264	0.334992
806	1.01968e-09	0.220188	0.7721	0.00771197
807	1.96815e-06	0.014503	0.820716	0.164779
808	2.40306e-08	0.674589	0.323446	0.0019657
809	2.88989e-09	0.032016	0.679124	0.28886
810	6.31014e-07	0.125612	0.626836	0.247551
811	7.37815e-07	0.591229	0.335198	0.0735727
812	5.45646e-16	8.93055e-05	0.999907	3.68988e-06
813	3.23691e-10	0.000672574	0.999326	1.38928e-06
814	0.00114787	0.0547745	0.81748	0.126598
815	5.28402e-07	0.541448	0.164097	0.294454
816	1.45168e-08	0.241381	0.750541	0.00807814
817	1.00699e-06	0.0738459	0.791278	0.134876
818	6.84844e-21	0.0938753	0.906124	7.59195e-07
819	0.0518088	0.0379442	0.877211	0.0330357
820	5.2746e-13	0.0880624	0.367796	0.544141
821	2.77393e-11	0.0116869	0.713335	0.274978
822	1.1862e-11	0.0308968	0.968044	0.00105941
823	8.97856e-09	0.000568657	0.988428	0.0110038
824	0.0027859	0.0100412	0.421767	0.565406
825	8.20621e-11	0.0107034	0.12506	0.864236
826	0.0226296	0.0335278	0.706303	0.237539
827	2.45605e-06	0.303788	0.251097	0.445113
828	0.00755852	0.515396	0.32162	0.155426
829	1.12105e-07	0.257809	0.642444	0.0997467
830	1.84358e-13	0.000132918	0.782527	0.21734
831	0.012026	0.514439	0.45122	0.0223157
832	2.49425e-12	0.0300971	0.130717	0.839186
833	5.50751e-08	0.116154	0.696545	0.187301
834	0.00100545	0.265411	0.518421	0.215162
835	1.81799e-10	0.174288	0.565353	0.260359
836	1.12527e-10	0.0123967	0.258548	0.729055
837	2.36415e-08	0.0420059	0.932752	0.0252425
838	2.48273e-14	0.00098689	0.984793	0.0142199
839	9.81531e-10	0.0154221	0.984574	3.71974e-06
840	7.49929e-05	0.305921	0.633943	0.0600607
841	0.000208788	0.0232414	0.955171	0.0213788
842	3.25026e-14	0.00651726	0.440859	0.552624
843	3.59647e-07	0.537427	0.310734	0.151839
844	0.0179677	0.0341658	0.610452	0.337414
845	0.000457109	0.184535	0.765452	0.0495556
846	1.71912e-15	0.0315718	0.968428	7.60767e-09
847	0.000976628	0.502014	0.0602477	0.436762
848	3.88219e-06	0.0972683	0.434886	0.467842
849	1.71204e-05	0.0440752	0.533078	0.422829
850	0.012982	0.553878	0.433132	8.33197e-06
851	0.00186732	0.0200755	0.617532	0.360525
852	4.38279e-07	0.000575936	0.861882	0.137542
853	0.000736249	0.415256	0.584007	1.39289e-06
854	0.000172553	0.516081	0.4693	0.0144466
855	1.41021e-05	0.0128394	0.932891	0.054255
856	5.30423e-10	0.446444	0.458303	0.0952525
857	5.02713e-05	0.171195	0.318485	0.510269
858	3.69199e-08	0.0408105	0.901167	0.0580229
859	2.53494e-13	0.0189973	0.863383	0.11762
860	2.01519e-10	0.0009351	0.977888	0.0211765
861	3.89124e-08	0.00163109	0.998368	8.20979e-07
862	0.0603701	0.248934	0.303914	0.386782
863	1.86299e-10	0.0199221	0.491802	0.488276
864	4.32841e-08	0.0731451	0.819237	0.107618
865	9.89846e-12	0.000293499	0.398758	0.600948
866	1.02385e-08	0.372653	0.178583	0.448763
867	2.28842e-08	0.0415365	0.433222	0.525241
868	8.94618e-15	0.411039	0.405552	0.183409
869	1.82023e-11	0.0420072	0.908483	0.0495095
870	5.12343e-09	0.228958	0.771007	3.47107e-05
871	0.0864978	0.177763	0.735726	1.32117e-05
872	3.10066e-07	0.00244208	0.997557	5.7267e-07
873	0.139988	0.622664	0.0735477	0.1638
874	8.19988e-05	0.367626	0.381469	0.250824
875	7.06953e-08	0.367441	0.626217	0.00634215
876	3.71737e-10	0.00149195	0.998507	9.34286e-07
877	0.821292	0.0340973	0.0720341	0.0725769
878	1.80625e-11	0.0401388	0.95706	0.00280115
879	2.03388e-06	0.0209964	0.972719	0.00628224
880	1.19385e-07	0.427532	0.0740932	0.498375
881	3.4351e-09	0.27011	0.700841	0.0290495
882	4.89643e-07	0.0451702	0.854708	0.100121
883	1.94845e-07	0.0382876	0.590869	0.370843
884	0.0204386	0.343461	0.506313	0.129787
885	5.5966e-08	0.00855521	0.979182	0.0122631
886	9.34314e-06	0.153234	0.582049	0.264708
887	8.85732e-12	0.0485454	0.825736	0.125718
888	7.63738e-16	0.117776	0.656614	0.225611
889	1.59759e-14	0.00189549	0.998103	1.3743e-06
890	0.00010408	0.384508	0.383987	0.2314
891	1.86144e-08	0.887041	0.0354126	0.077546
892	2.6539e-07	0.00946302	0.863339	0.127198
893	9.0626e-06	0.649671	0.282755	0.0675655
894	1.10476e-12	0.07086	0.85826	0.0708796
895	1.52624e-10	0.185182	0.814811	7.36766e-06
896	0.00102217	0.130268	0.820265	0.0484446
897	0.000298697	0.149106	0.793208	0.0573866
898	2.36608e-05	0.00963656	0.973223	0.0171169
899	9.93955e-06	0.412865	0.582648	0.00447631
900	1.32993e-10	0.00764502	0.941435	0.0509199
901	6.7585e-12	6.9608e-05	0.842856	0.157074
902	2.89886e-07	0.00197909	0.99802	4.70983e-07
903	4.15185e-09	0.281305	0.0822016	0.636493
904	9.24292e-13	0.0028905	0.762222	0.234888
905	1.07657e-10	0.0148434	0.883934	0.101223
